8
ekf 4.53159 -1.44289 3.41285 truth 4.50692 -1.51104 3.36101 
ekf 4.53646 -1.43457 3.42718 truth 4.19033 -1.51665 3.465 
ekf 4.54129 -1.42606 3.44141 truth 4.42336 -1.30827 3.53789 
ekf 4.54609 -1.41736 3.45553 truth 4.551 -1.45709 3.52403 
ekf 4.55084 -1.40847 3.46955 truth 4.31355 -1.33528 3.28754 
ekf 4.55555 -1.39939 3.48346 truth 4.74988 -1.30692 3.72408 
ekf 4.56021 -1.39012 3.49726 truth 4.39315 -1.57494 3.56593 
ekf 4.56484 -1.38067 3.51096 truth 4.66717 -1.46559 3.45854 
ekf 4.56943 -1.37103 3.52453 truth 4.54827 -1.627 3.52178 
ekf 4.57397 -1.36121 3.538 truth 4.67821 -1.24227 3.61713 
ekf 4.57847 -1.35121 3.55134 truth 4.3249 -1.30889 3.52122 
ekf 4.58293 -1.34103 3.56457 truth 4.94963 -1.14904 3.45904 
ekf 4.58735 -1.33067 3.57767 truth 4.44221 -1.3134 3.50124 
ekf 4.59172 -1.32013 3.59065 truth 4.60377 -1.35983 3.38597 
ekf 4.59605 -1.30942 3.60351 truth 4.45379 -1.14221 3.68526 
ekf 4.60034 -1.29854 3.61623 truth 4.39541 -1.43922 3.48607 
ekf 4.60459 -1.28749 3.62883 truth 4.49443 -1.36634 3.43475 
ekf 4.6088 -1.27627 3.64129 truth 4.47908 -1.39868 3.78386 
ekf 4.61296 -1.26488 3.65362 truth 4.90602 -1.28033 3.65277 
ekf 4.61708 -1.25333 3.66582 truth 4.48638 -1.42827 3.62821 
ekf 4.62116 -1.24162 3.67788 truth 4.50742 -1.40949 3.95872 
ekf 4.6252 -1.22974 3.68979 truth 4.4791 -1.15737 3.48334 
ekf 4.6292 -1.2177 3.70157 truth 4.53976 -1.18063 3.5047 
ekf 4.63315 -1.20551 3.7132 truth 4.69355 -1.10264 3.60888 
ekf 4.63706 -1.19316 3.72469 truth 4.56116 -1.21736 3.70507 
ekf 4.64093 -1.18065 3.73603 truth 4.86201 -1.23741 3.69957 
ekf 4.64476 -1.168 3.74722 truth 4.65415 -1.03705 3.74995 
ekf 4.64855 -1.15519 3.75826 truth 4.42736 -1.07279 3.66404 
ekf 4.6523 -1.14224 3.76914 truth 4.61908 -1.26988 3.86919 
ekf 4.656 -1.12913 3.77988 truth 4.70453 -1.10913 3.7624 
ekf 4.65966 -1.11589 3.79045 truth 4.65654 -1.10935 3.79616 
ekf 4.66329 -1.1025 3.80087 truth 4.93882 -1.01728 3.93691 
ekf 4.66687 -1.08897 3.81113 truth 4.74444 -0.847349 3.63315 
ekf 4.67041 -1.07531 3.82123 truth 4.54013 -1.1437 3.91949 
ekf 4.67391 -1.06151 3.83117 truth 4.58089 -0.991452 3.92345 
ekf 4.67737 -1.04757 3.84094 truth 4.64751 -0.724765 4.00388 
ekf 4.68079 -1.0335 3.85054 truth 4.87132 -1.07309 3.93 
ekf 4.68417 -1.0193 3.85998 truth 4.87491 -1.00712 3.75701 
ekf 4.68751 -1.00497 3.86925 truth 4.96572 -0.95196 3.57556 
ekf 4.69081 -0.990521 3.87834 truth 4.73613 -0.933741 3.6364 
ekf 4.69408 -0.975943 3.88727 truth 4.52461 -0.807933 3.90108 
ekf 4.6973 -0.961244 3.89602 truth 4.63642 -1.03875 3.96651 
ekf 4.70049 -0.946424 3.9046 truth 4.6195 -0.896279 3.75212 
ekf 4.70363 -0.931487 3.913 truth 4.62418 -0.863298 3.92947 
ekf 4.70674 -0.916434 3.92122 truth 4.42843 -0.772545 3.83951 
ekf 4.70981 -0.901268 3.92927 truth 4.59717 -1.0055 3.77047 
ekf 4.71285 -0.88599 3.93713 truth 4.58124 -0.741728 3.72226 
ekf 4.71585 -0.870603 3.94481 truth 4.8309 -0.676956 3.97178 
ekf 4.7188 -0.85511 3.95231 truth 4.5835 -0.640931 3.74604 
ekf 4.72173 -0.839511 3.95962 truth 4.90205 -0.791527 3.96355 
ekf 4.72461 -0.82381 3.96675 truth 4.8411 -0.882732 3.8572 
ekf 4.72747 -0.808009 3.97369 truth 4.91125 -0.830061 3.7533 
ekf 4.73028 -0.792109 3.98045 truth 4.66106 -0.708516 3.92327 
ekf 4.73306 -0.776114 3.98701 truth 4.88798 -0.979703 4.08162 
ekf 4.73581 -0.760025 3.99339 truth 4.73036 -0.714085 3.99605 
ekf 4.73851 -0.743845 3.99957 truth 4.59376 -0.790575 4.09485 
ekf 4.74119 -0.727576 4.00556 truth 4.79325 -0.601046 3.74601 
ekf 4.74383 -0.71122 4.01136 truth 4.71268 -0.897164 3.71799 
ekf 4.74644 -0.69478 4.01696 truth 4.73079 -0.667134 3.8731 
ekf 4.74901 -0.678258 4.02237 truth 4.65004 -0.937539 4.14465 
ekf 4.75156 -0.661657 4.02759 truth 4.68871 -0.892886 3.99168 
ekf 4.75406 -0.644978 4.0326 truth 4.83028 -0.488548 4.36223 
ekf 4.75654 -0.628224 4.03742 truth 4.66666 -0.73405 4.21199 
ekf 4.75898 -0.611398 4.04204 truth 4.65793 -0.578398 4.12174 
ekf 4.7614 -0.594501 4.04647 truth 4.57248 -0.869155 4.11557 
ekf 4.76378 -0.577537 4.05069 truth 4.85444 -0.491854 4.07215 
ekf 4.76613 -0.560508 4.05471 truth 4.96961 -0.501912 4.17567 
ekf 4.76845 -0.543416 4.05853 truth 4.57334 -0.584317 4.1769 
ekf 4.77074 -0.526264 4.06215 truth 5.05321 -0.594395 3.96555 
ekf 4.773 -0.509054 4.06557 truth 4.54097 -0.213934 4.29167 
ekf 4.77523 -0.491789 4.06878 truth 4.87417 -0.200047 4.02405 
ekf 4.77743 -0.474471 4.07179 truth 4.98326 -0.270507 4.17435 
ekf 4.7796 -0.457103 4.0746 truth 4.83105 -0.88527 4.28182 
ekf 4.78174 -0.439687 4.0772 truth 4.52592 -0.406433 4.29288 
ekf 4.78386 -0.422226 4.0796 truth 4.63072 -0.675385 4.10824 
ekf 4.78594 -0.404723 4.0818 truth 4.516 -0.223363 4.31512 
ekf 4.788 -0.38718 4.08379 truth 4.77923 -0.70332 3.90762 
ekf 4.79004 -0.369599 4.08557 truth 4.82438 -0.432114 4.12202 
ekf 4.79204 -0.351983 4.08715 truth 4.91185 -0.288578 3.91091 
ekf 4.79402 -0.334336 4.08852 truth 4.55623 -0.462058 3.90987 
ekf 4.79598 -0.316658 4.08968 truth 4.70045 -0.808174 4.32442 
ekf 4.79791 -0.298954 4.09064 truth 4.27452 -0.335685 4.11672 
ekf 4.79981 -0.281226 4.09139 truth 4.85298 -0.411348 4.10827 
ekf 4.80169 -0.263476 4.09194 truth 4.80692 -0.221196 3.86333 
ekf 4.80355 -0.245707 4.09228 truth 4.78052 -0.238568 4.23306 
ekf 4.80538 -0.227923 4.09241 truth 4.97176 -0.281419 3.91513 
ekf 4.80718 -0.210125 4.09234 truth 5.10288 -0.328 4.14545 
ekf 4.80897 -0.192316 4.09206 truth 4.61242 0.0790594 4.07769 
ekf 4.81073 -0.174499 4.09158 truth 4.50701 -0.120495 3.88277 
ekf 4.81246 -0.156677 4.09089 truth 5.11685 -0.285415 4.17165 
ekf 4.81418 -0.138852 4.08999 truth 4.72114 -0.0715645 4.14874 
ekf 4.81587 -0.121027 4.08889 truth 4.94447 -0.294232 4.04277 
ekf 4.81754 -0.103206 4.08758 truth 5.01632 -0.285811 3.902 
ekf 4.8192 -0.0853902 4.08607 truth 4.83015 -0.224297 3.96641 
ekf 4.82083 -0.067583 4.08435 truth 4.92427 0.0155959 4.07398 
ekf 4.82244 -0.0497872 4.08243 truth 5.17836 -0.0226576 3.94015 
ekf 4.82402 -0.0320054 4.08031 truth 4.8281 0.0107836 4.07671 
ekf 4.82559 -0.0142405 4.07798 truth 4.78356 -0.0907756 3.92611 
ekf 4.82715 0.00350469 4.07545 truth 4.87537 0.236291 4.08077 
ekf 4.82868 0.0212273 4.07272 truth 4.94093 0.0271838 4.1907 
ekf 4.83019 0.0389245 4.06978 truth 4.75815 0.0209478 4.18666 
ekf 4.83168 0.0565935 4.06665 truth 4.99696 -0.173302 4.04216 
ekf 4.83316 0.0742314 4.06331 truth 5.06541 -0.0373689 3.82298 
ekf 4.83462 0.0918355 4.05978 truth 4.95681 -0.0574301 3.92039 
ekf 4.83606 0.109403 4.05604 truth 4.6729 0.077916 4.13257 
ekf 4.83749 0.12693 4.05211 truth 4.81603 0.262256 4.17583 
ekf 4.83889 0.144416 4.04798 truth 5.03842 0.0342008 4.0799 
ekf 4.84029 0.161856 4.04365 truth 4.97491 0.276493 4.18963 
ekf 4.84166 0.179248 4.03912 truth 5.06235 0.112359 3.89584 
ekf 4.84302 0.196589 4.03441 truth 4.75148 0.165919 4.09523 
ekf 4.84437 0.213876 4.02949 truth 4.67019 0.165572 3.81095 
ekf 4.8457 0.231106 4.02438 truth 4.92522 0.246504 3.9153 
ekf 4.84702 0.248276 4.01909 truth 4.63829 0.158016 3.87004 
ekf 4.84832 0.265384 4.01359 truth 4.78584 0.406769 3.93974 
ekf 4.84961 0.282427 4.00791 truth 4.9487 0.362583 4.08862 
ekf 4.85088 0.299401 4.00204 truth 4.86888 -0.0508906 4.15599 
ekf 4.85215 0.316304 3.99598 truth 4.7256 0.235879 3.84985 
ekf 4.8534 0.333134 3.98974 truth 4.78066 0.471041 4.04404 
ekf 4.85464 0.349886 3.9833 truth 4.84156 0.464661 4.14302 
ekf 4.85586 0.366558 3.97668 truth 4.69178 0.047278 3.87745 
ekf 4.85708 0.383148 3.96988 truth 5.02199 0.279211 4.13545 
ekf 4.85828 0.399653 3.9629 truth 4.89321 0.224115 4.02252 
ekf 4.85947 0.416068 3.95573 truth 4.68641 0.424565 3.90481 
ekf 4.86066 0.432393 3.94839 truth 4.75456 0.389454 3.80308 
ekf 4.86183 0.448623 3.94086 truth 4.99447 0.509598 3.66432 
ekf 4.86299 0.464757 3.93316 truth 4.59809 0.1791 3.94766 
ekf 4.86414 0.48079 3.92528 truth 4.99706 0.708336 3.71863 
ekf 4.86529 0.496721 3.91722 truth 4.975 0.35025 4.07526 
ekf 4.86642 0.512547 3.909 truth 4.94453 0.511867 4.07606 
ekf 4.86755 0.528264 3.9006 truth 4.98279 0.630174 3.90808 
ekf 4.86867 0.54387 3.89202 truth 4.77799 0.220986 3.79614 
ekf 4.86978 0.559361 3.88328 truth 4.90113 0.466257 3.48979 
ekf 4.87089 0.574736 3.87437 truth 4.97652 0.633402 4.05767 
ekf 4.87199 0.589992 3.8653 truth 4.86816 0.900168 3.74864 
ekf 4.87308 0.605125 3.85606 truth 5.17117 0.768754 3.89191 
ekf 4.87417 0.620133 3.84665 truth 4.69805 0.749145 3.97556 
ekf 4.87525 0.635013 3.83709 truth 5.03414 0.422703 4.03462 
ekf 4.87632 0.649762 3.82736 truth 4.73639 0.632745 3.89819 
ekf 4.8774 0.664378 3.81748 truth 4.97878 0.672628 3.89048 
ekf 4.87846 0.678858 3.80743 truth 4.86974 0.639991 3.82971 
ekf 4.87953 0.6932 3.79723 truth 4.90132 0.525864 3.60258 
ekf 4.88058 0.7074 3.78688 truth 4.94623 0.527397 3.62002 
ekf 4.88164 0.721455 3.77637 truth 4.83355 0.755938 3.64664 
ekf 4.88269 0.735365 3.76572 truth 4.88579 0.75181 3.71274 
ekf 4.88374 0.749125 3.75491 truth 4.70821 0.761183 3.9282 
ekf 4.88479 0.762733 3.74396 truth 4.89052 0.702568 3.8204 
ekf 4.88584 0.776187 3.73285 truth 4.98618 0.785303 3.78247 
ekf 4.88689 0.789484 3.72161 truth 4.74569 0.765657 3.77073 
ekf 4.88793 0.802622 3.71022 truth 4.71833 0.823289 3.7073 
ekf 4.88898 0.815598 3.6987 truth 4.90906 0.84592 3.66334 
ekf 4.89002 0.82841 3.68703 truth 4.7272 0.912557 3.57226 
ekf 4.89107 0.841055 3.67522 truth 4.84901 0.682083 3.65709 
ekf 4.89212 0.853531 3.66328 truth 4.97381 0.922911 3.34702 
ekf 4.89316 0.865836 3.65121 truth 4.7509 0.604898 3.59108 
ekf 4.89421 0.877967 3.639 truth 5.14186 1.10819 3.54885 
ekf 4.89527 0.889923 3.62667 truth 5.05537 0.848283 3.40881 
ekf 4.89632 0.9017 3.6142 truth 4.73173 1.06467 3.65223 
ekf 4.89738 0.913298 3.60161 truth 4.98371 1.21702 3.63794 
ekf 4.89844 0.924713 3.5889 truth 4.88479 0.831538 3.55111 
ekf 4.89951 0.935944 3.57606 truth 5.14907 1.02876 3.41272 
ekf 4.90058 0.946989 3.5631 truth 4.97349 1.06338 3.40732 
ekf 4.90165 0.957845 3.55002 truth 4.95274 0.820716 3.59856 
ekf 4.90273 0.968512 3.53683 truth 4.94252 1.01574 3.68769 
ekf 4.90382 0.978986 3.52352 truth 4.827 1.14549 3.60234 
ekf 4.90491 0.989267 3.5101 truth 4.67344 0.866877 3.30954 
ekf 4.90601 0.999352 3.49656 truth 4.65427 1.00693 3.58881 
ekf 4.90712 1.00924 3.48292 truth 4.96713 0.996321 3.44881 
ekf 4.90824 1.01893 3.46917 truth 5.0871 0.924184 3.3108 
ekf 4.90936 1.02842 3.45532 truth 4.8792 1.07578 3.57686 
ekf 4.91049 1.0377 3.44136 truth 4.87321 0.838404 3.39342 
ekf 4.91163 1.04679 3.42731 truth 4.58148 1.05178 3.5225 
ekf 4.91278 1.05567 3.41315 truth 4.74899 0.978359 3.28434 
ekf 4.91395 1.06434 3.3989 truth 4.81438 0.972241 3.49795 
ekf 4.91512 1.0728 3.38456 truth 5.06529 1.27739 3.48015 
ekf 4.9163 1.08106 3.37012 truth 5.06534 1.06214 3.50434 
ekf 4.9175 1.08911 3.35559 truth 4.91663 0.883679 3.21529 
ekf 4.91871 1.09694 3.34098 truth 4.7786 1.16553 3.39475 
ekf 4.91993 1.10456 3.32628 truth 4.73629 1.31634 3.25695 
ekf 4.92116 1.11197 3.3115 truth 4.87238 1.20605 3.43695 
ekf 4.92241 1.11917 3.29664 truth 4.84298 1.02712 3.23701 
ekf 4.92367 1.12615 3.2817 truth 4.9752 1.13984 3.31971 
ekf 4.92495 1.13292 3.26669 truth 4.71733 1.30198 3.15283 
ekf 4.92624 1.13947 3.2516 truth 5.07078 1.2675 3.27212 
ekf 4.92755 1.1458 3.23645 truth 4.78869 1.07846 3.38588 
ekf 4.92888 1.15192 3.22122 truth 4.92774 1.06684 3.27953 
ekf 4.93022 1.15782 3.20593 truth 4.79115 1.08719 3.29809 
ekf 4.93158 1.1635 3.19058 truth 5.10396 1.12369 3.18363 
ekf 4.93296 1.16896 3.17516 truth 5.16862 1.05586 3.41377 
ekf 4.93436 1.1742 3.15969 truth 4.76001 1.16339 3.29073 
ekf 4.93577 1.17922 3.14416 truth 4.82541 1.21509 3.0817 
ekf 4.93721 1.18402 3.12858 truth 5.02999 0.944599 3.05988 
ekf 4.93867 1.1886 3.11295 truth 4.89358 1.01806 3.28504 
ekf 4.94015 1.19296 3.09727 truth 4.94214 1.11239 3.09712 
ekf 4.94165 1.1971 3.08154 truth 4.70535 1.14306 2.98399 
ekf 4.94317 1.20103 3.06578 truth 5.08974 1.39846 2.96969 
ekf 4.94471 1.20473 3.04997 truth 5.08163 1.10908 3.15987 
ekf 4.94628 1.20821 3.03413 truth 4.94543 1.08809 3.13717 
ekf 4.94788 1.21147 3.01825 truth 5.18752 1.23644 2.76166 
ekf 4.94949 1.21451 3.00234 truth 4.75208 1.32086 2.79787 
ekf 4.95113 1.21733 2.9864 truth 4.77915 1.19612 2.8979 
ekf 4.9528 1.21994 2.97044 truth 4.92387 1.17601 2.88186 
ekf 4.95449 1.22232 2.95445 truth 5.06861 1.21269 3.03187 
ekf 4.95621 1.22449 2.93844 truth 5.01438 0.988236 2.90176 
ekf 4.95796 1.22643 2.92242 truth 5.05746 1.07201 2.91017 
ekf 4.95974 1.22817 2.90638 truth 4.85649 1.25237 2.82342 
ekf 4.96154 1.22968 2.89032 truth 5.14002 1.05998 2.77314 
ekf 4.96337 1.23098 2.87426 truth 5.05507 1.21469 2.763 
ekf 4.96523 1.23206 2.85819 truth 4.9529 1.45907 2.8861 
ekf 4.96713 1.23292 2.84212 truth 4.78781 1.25481 2.69296 
ekf 4.96905 1.23358 2.82604 truth 4.92877 1.33728 2.76021 
ekf 4.971 1.23401 2.80996 truth 4.81487 1.47365 2.96786 
ekf 4.97299 1.23424 2.79389 truth 4.89796 1.22387 2.87747 
ekf 4.975 1.23425 2.77783 truth 5.11873 1.32946 2.9384 
ekf 4.97705 1.23405 2.76178 truth 5.06486 1.28179 2.40744 
ekf 4.97914 1.23364 2.74573 truth 5.03066 1.41158 2.6291 
ekf 4.98125 1.23302 2.72971 truth 4.53823 1.22001 2.81124 
ekf 4.9834 1.23219 2.7137 truth 4.84056 1.15842 2.88662 
ekf 4.98559 1.23115 2.69771 truth 4.76794 1.15516 2.85078 
ekf 4.98781 1.2299 2.68174 truth 4.90617 1.42334 2.47216 
ekf 4.99006 1.22845 2.6658 truth 4.87829 1.29682 2.65719 
ekf 4.99235 1.22679 2.64989 truth 4.96115 1.16903 2.57951 
ekf 4.99468 1.22493 2.634 truth 4.82077 0.928035 2.6812 
ekf 4.99705 1.22286 2.61816 truth 5.0577 1.07217 2.75564 
ekf 4.99945 1.22058 2.60234 truth 4.8429 1.15238 2.5975 
ekf 5.00189 1.21811 2.58657 truth 5.14463 1.20026 2.77647 
ekf 5.00436 1.21543 2.57084 truth 4.73065 1.36436 2.71679 
ekf 5.00688 1.21255 2.55515 truth 5.1436 1.23861 2.67727 
ekf 5.00944 1.20947 2.5395 truth 5.21525 1.04548 2.65566 
ekf 5.01203 1.20619 2.52391 truth 4.86246 1.37544 2.81786 
ekf 5.01466 1.20272 2.50837 truth 4.79234 1.10616 2.335 
ekf 5.01734 1.19904 2.49288 truth 4.85762 1.40044 2.444 
ekf 5.02005 1.19517 2.47744 truth 5.29509 1.36171 2.4428 
ekf 5.0228 1.1911 2.46207 truth 5.04627 1.20708 2.52001 
ekf 5.0256 1.18684 2.44675 truth 4.71762 1.21191 2.59072 
ekf 5.02843 1.18238 2.4315 truth 5.04683 1.0064 2.47113 
ekf 5.03131 1.17773 2.41631 truth 4.83889 1.03948 2.24736 
ekf 5.03423 1.17289 2.40119 truth 4.84921 1.31436 2.08939 
ekf 5.03719 1.16785 2.38615 truth 5.06402 1.15823 2.38995 
ekf 5.04019 1.16262 2.37117 truth 4.73392 0.910735 2.40481 
ekf 5.04324 1.15721 2.35627 truth 5.05117 1.11609 2.22326 
ekf 5.04632 1.1516 2.34144 truth 5.23186 1.09285 2.33092 
ekf 5.04945 1.1458 2.32669 truth 4.97359 1.06058 2.2425 
ekf 5.05262 1.13981 2.31203 truth 5.37521 1.15232 2.09583 
ekf 5.05584 1.13364 2.29744 truth 4.91292 1.2127 2.34666 
ekf 5.0591 1.12728 2.28294 truth 5.25374 1.06848 2.24339 
ekf 5.0624 1.12073 2.26853 truth 5.28326 1.41902 1.95336 
ekf 5.06574 1.11399 2.25421 truth 4.98416 0.99287 2.26555 
ekf 5.06913 1.10707 2.23998 truth 5.07232 1.25098 2.26604 
ekf 5.07256 1.09997 2.22584 truth 4.87631 1.024 2.14035 
ekf 5.07604 1.09268 2.2118 truth 5.13607 1.12752 2.18353 
ekf 5.07955 1.08521 2.19785 truth 5.2411 0.863508 2.12766 
ekf 5.08311 1.07755 2.184 truth 4.99435 1.10224 2.29064 
ekf 5.08672 1.06971 2.17026 truth 5.09064 1.00068 2.12422 
ekf 5.09037 1.06169 2.15661 truth 5.0039 1.07624 2.25545 
ekf 5.09406 1.05349 2.14307 truth 5.19135 1.2038 2.32723 
ekf 5.09779 1.04511 2.12964 truth 5.2393 1.19982 2.13983 
ekf 5.10157 1.03655 2.11631 truth 4.91553 1.30641 2.03973 
ekf 5.10539 1.02781 2.1031 truth 5.24746 1.08737 2.20597 
ekf 5.10925 1.01889 2.08999 truth 5.22999 0.938615 2.08574 
ekf 5.11315 1.00979 2.077 truth 5.17602 1.30085 2.03357 
ekf 5.1171 1.00051 2.06413 truth 5.24532 1.02875 2.01781 
ekf 5.12109 0.991062 2.05137 truth 5.24874 1.03532 2.09615 
ekf 5.12513 0.981432 2.03872 truth 5.13107 0.826733 1.94347 
ekf 5.1292 0.971627 2.0262 truth 5.22095 0.842544 2.05928 
ekf 5.13332 0.961647 2.0138 truth 5.42076 0.994897 1.86036 
ekf 5.13748 0.951493 2.00152 truth 4.95704 1.15442 1.96683 
ekf 5.14168 0.941164 1.98937 truth 5.3011 1.10985 1.86783 
ekf 5.14592 0.930663 1.97734 truth 5.12942 1.07213 1.88778 
ekf 5.1502 0.91999 1.96544 truth 5.13159 0.838275 1.86661 
ekf 5.15452 0.909145 1.95367 truth 4.83721 0.952539 1.76283 
ekf 5.15888 0.898129 1.94203 truth 5.01498 0.892218 2.05387 
ekf 5.16329 0.886944 1.93052 truth 5.35272 0.786047 1.9027 
ekf 5.16773 0.87559 1.91914 truth 5.17402 0.864672 1.82349 
ekf 5.17221 0.864067 1.9079 truth 5.35259 0.810172 1.86839 
ekf 5.17673 0.852378 1.8968 truth 5.41832 0.790174 2.04157 
ekf 5.18129 0.840523 1.88583 truth 5.26516 0.633162 1.95072 
ekf 5.18589 0.828502 1.87501 truth 5.43454 0.6226 1.91555 
ekf 5.19052 0.816317 1.86432 truth 5.16011 0.795894 1.5901 
ekf 5.1952 0.80397 1.85377 truth 5.33703 0.939223 1.55881 
ekf 5.19991 0.79146 1.84337 truth 5.34517 0.519127 1.95134 
ekf 5.20465 0.778791 1.83311 truth 4.77704 0.923075 1.87595 
ekf 5.20944 0.765961 1.823 truth 5.24367 0.623405 1.74492 
ekf 5.21425 0.752974 1.81304 truth 5.26399 0.649918 1.71526 
ekf 5.21911 0.73983 1.80322 truth 5.29815 0.912507 1.90961 
ekf 5.224 0.726531 1.79356 truth 5.20984 0.754564 1.89654 
ekf 5.22892 0.713078 1.78404 truth 5.32232 0.651914 1.65736 
ekf 5.23388 0.699473 1.77468 truth 5.11812 0.64024 2.10921 
ekf 5.23887 0.685717 1.76548 truth 5.14467 0.722442 1.79097 
ekf 5.24389 0.671812 1.75642 truth 5.1562 0.791819 1.9794 
ekf 5.24895 0.657759 1.74753 truth 4.97979 0.52374 1.53822 
ekf 5.25404 0.643561 1.73879 truth 5.4132 0.538963 2.02221 
ekf 5.25916 0.629219 1.73021 truth 5.38301 0.743081 1.58329 
ekf 5.26431 0.614735 1.7218 truth 5.26264 0.604643 1.8776 
ekf 5.26949 0.600111 1.71354 truth 5.34252 0.6103 1.85546 
ekf 5.2747 0.58535 1.70545 truth 4.88524 0.912949 1.40739 
ekf 5.27995 0.570452 1.69752 truth 5.23442 0.628273 1.82206 
ekf 5.28522 0.55542 1.68975 truth 5.31336 0.583408 1.62246 
ekf 5.29051 0.540257 1.68216 truth 5.0391 0.579468 1.79082 
ekf 5.29584 0.524964 1.67473 truth 5.37965 0.574788 1.71263 
ekf 5.30119 0.509544 1.66747 truth 5.36818 0.495879 1.53215 
ekf 5.30658 0.493999 1.66038 truth 5.25926 0.614908 1.50865 
ekf 5.31198 0.478332 1.65346 truth 5.17294 0.561373 2.00808 
ekf 5.31741 0.462545 1.64672 truth 5.27477 0.44157 1.78229 
ekf 5.32287 0.446641 1.64015 truth 5.48551 0.767049 1.51118 
ekf 5.32835 0.430622 1.63375 truth 5.52854 0.462143 1.6167 
ekf 5.33386 0.414491 1.62753 truth 5.33228 0.495974 1.55613 
ekf 5.33939 0.39825 1.62149 truth 5.37173 0.366093 1.61798 
ekf 5.34494 0.381903 1.61563 truth 5.18722 0.185769 1.57634 
ekf 5.35052 0.365452 1.60995 truth 5.26465 0.542207 1.51595 
ekf 5.35612 0.3489 1.60445 truth 5.13887 0.472649 1.4099 
ekf 5.36174 0.332251 1.59913 truth 5.53032 0.641298 1.54587 
ekf 5.36738 0.315506 1.59399 truth 5.58151 0.19272 1.44285 
ekf 5.37304 0.298669 1.58904 truth 5.36605 0.382629 1.44646 
ekf 5.37872 0.281744 1.58427 truth 5.51466 0.614584 1.73929 
ekf 5.38441 0.264733 1.57969 truth 5.3163 -0.225577 1.64095 
ekf 5.39013 0.247639 1.5753 truth 5.38057 0.139955 1.45686 
ekf 5.39587 0.230466 1.57109 truth 5.49779 0.149967 1.49691 
ekf 5.40162 0.213217 1.56707 truth 5.43496 0.178909 1.57427 
ekf 5.40739 0.195894 1.56325 truth 5.55203 0.319012 1.29521 
ekf 5.41318 0.178503 1.55961 truth 5.19524 0.25365 1.56112 
ekf 5.41899 0.161045 1.55617 truth 5.42128 0.260597 1.45749 
ekf 5.42481 0.143524 1.55292 truth 5.57161 0.27857 1.84462 
ekf 5.43064 0.125944 1.54986 truth 5.29655 0.205003 1.36439 
ekf 5.43649 0.108308 1.547 truth 5.06295 -0.0167364 1.70852 
ekf 5.44236 0.0906192 1.54433 truth 5.54116 -0.0383891 1.69707 
ekf 5.44824 0.0728816 1.54185 truth 5.35168 0.183616 1.67411 
ekf 5.45413 0.0550984 1.53958 truth 5.39719 0.0988834 1.48123 
ekf 5.46003 0.0372731 1.5375 truth 5.5191 0.0212479 1.64262 
ekf 5.46595 0.0194094 1.53562 truth 5.89823 0.116585 1.64926 
ekf 5.47188 0.00151083 1.53393 truth 5.56543 -0.17247 1.43634 
ekf 5.47782 -0.0164192 1.53245 truth 5.46525 0.00371098 1.52462 
ekf 5.48378 -0.0343771 1.53116 truth 5.51825 0.0364598 1.41311 
ekf 5.48974 -0.0523593 1.53008 truth 5.36773 -0.321409 1.67131 
ekf 5.49572 -0.0703623 1.52919 truth 5.64008 -0.0319119 1.43 
ekf 5.50171 -0.0883824 1.52851 truth 5.46158 0.0516295 1.30363 
ekf 5.5077 -0.106416 1.52802 truth 5.43483 0.0584391 1.61322 
ekf 5.51371 -0.12446 1.52774 truth 5.6001 -0.267617 1.45187 
ekf 5.51972 -0.142511 1.52765 truth 5.8732 -0.558774 1.5841 
ekf 5.52575 -0.160564 1.52777 truth 5.7394 -0.0443286 1.72315 
ekf 5.53178 -0.178617 1.5281 truth 5.49826 0.152701 1.52136 
ekf 5.53782 -0.196666 1.52862 truth 5.40047 -0.163382 1.50452 
ekf 5.54387 -0.214708 1.52934 truth 5.80562 -0.581128 1.68329 
ekf 5.54993 -0.232739 1.53027 truth 5.44488 -0.283587 1.57873 
ekf 5.55599 -0.250755 1.5314 truth 5.63689 -0.215368 1.58818 
ekf 5.56207 -0.268754 1.53273 truth 5.45612 -0.378797 1.68246 
ekf 5.56815 -0.286731 1.53426 truth 5.67277 0.124696 1.19039 
ekf 5.57423 -0.304684 1.536 truth 5.94915 -0.470842 1.63583 
ekf 5.58033 -0.322609 1.53793 truth 5.24612 -0.327734 1.5325 
ekf 5.58643 -0.340503 1.54007 truth 5.62199 -0.33249 1.54537 
ekf 5.59253 -0.358362 1.54241 truth 5.55809 -0.755913 1.36279 
ekf 5.59865 -0.376183 1.54495 truth 5.70668 -0.152493 1.58022 
ekf 5.60476 -0.393964 1.54769 truth 5.52054 -0.377095 1.62302 
ekf 5.61089 -0.411701 1.55063 truth 5.63818 -0.369292 1.50063 
ekf 5.61702 -0.42939 1.55377 truth 5.46586 -0.375436 1.56975 
ekf 5.62315 -0.447029 1.55711 truth 5.54545 -0.429389 1.41129 
ekf 5.6293 -0.464614 1.56065 truth 5.61335 -0.365397 1.72356 
ekf 5.63544 -0.482144 1.56439 truth 5.86147 -0.293334 1.34036 
ekf 5.64159 -0.499613 1.56832 truth 5.61841 -0.511336 1.78692 
ekf 5.64775 -0.51702 1.57246 truth 5.61698 -0.529505 1.55114 
ekf 5.65391 -0.534362 1.57679 truth 5.77086 -0.29835 1.62737 
ekf 5.66008 -0.551636 1.58131 truth 5.6639 -0.722049 1.30852 
ekf 5.66625 -0.568839 1.58603 truth 5.76563 -0.492542 1.47386 
ekf 5.67242 -0.585968 1.59095 truth 5.50902 -0.573997 1.41994 
ekf 5.67861 -0.60302 1.59606 truth 5.70825 -0.609154 1.54119 
ekf 5.68479 -0.619994 1.60136 truth 5.66438 -0.700288 1.41606 
ekf 5.69098 -0.636885 1.60685 truth 5.58485 -0.740717 1.57867 
ekf 5.69717 -0.653692 1.61254 truth 5.67666 -0.56046 1.81808 
ekf 5.70337 -0.670411 1.61841 truth 5.68488 -0.773864 1.48738 
ekf 5.70958 -0.687041 1.62448 truth 5.72599 -0.600841 1.64229 
ekf 5.71578 -0.703579 1.63073 truth 5.75264 -0.839531 1.80727 
ekf 5.722 -0.720022 1.63718 truth 5.63472 -0.641492 1.37162 
ekf 5.72821 -0.736368 1.6438 truth 5.65627 -1.20174 1.40597 
ekf 5.73443 -0.752614 1.65062 truth 5.80416 -0.624271 1.70045 
ekf 5.74066 -0.768759 1.65762 truth 5.69553 -0.674524 1.8897 
ekf 5.74689 -0.784799 1.6648 truth 5.58472 -0.675852 1.81557 
ekf 5.75312 -0.800733 1.67216 truth 5.65797 -1.08082 1.64622 
ekf 5.75936 -0.816559 1.6797 truth 5.65469 -0.845069 1.48886 
ekf 5.7656 -0.832273 1.68743 truth 5.93617 -0.553038 1.57318 
ekf 5.77185 -0.847874 1.69533 truth 5.675 -0.866756 1.6054 
ekf 5.7781 -0.86336 1.70341 truth 6.04897 -0.880496 1.62789 
ekf 5.78436 -0.878729 1.71166 truth 5.96567 -0.926985 1.56027 
ekf 5.79062 -0.893978 1.72009 truth 6.14921 -0.757906 1.93207 
ekf 5.79688 -0.909106 1.72869 truth 5.95466 -1.0058 1.7943 
ekf 5.80315 -0.92411 1.73747 truth 5.91637 -0.921184 1.87984 
ekf 5.80942 -0.938988 1.74641 truth 5.91378 -0.725237 1.80771 
ekf 5.8157 -0.953739 1.75553 truth 5.93281 -0.95787 1.87085 
ekf 5.82198 -0.96836 1.76481 truth 6.00546 -1.45279 1.52752 
ekf 5.82827 -0.98285 1.77426 truth 5.78898 -1.05682 1.9229 
ekf 5.83456 -0.997206 1.78387 truth 5.88942 -1.03516 1.81335 
ekf 5.84085 -1.01143 1.79365 truth 5.94767 -1.03779 1.79707 
ekf 5.84715 -1.02551 1.80358 truth 5.56971 -0.823418 1.95227 
ekf 5.85345 -1.03946 1.81368 truth 6.09018 -1.10674 1.65545 
ekf 5.85976 -1.05326 1.82393 truth 5.70119 -1.21724 1.83209 
ekf 5.86607 -1.06692 1.83435 truth 5.86454 -1.00987 1.95673 
ekf 5.87239 -1.08044 1.84491 truth 5.7862 -1.20879 1.66412 
ekf 5.87871 -1.09381 1.85563 truth 5.83631 -0.815406 2.03184 
ekf 5.88503 -1.10703 1.8665 truth 5.85754 -1.136 1.66981 
ekf 5.89136 -1.1201 1.87753 truth 5.74598 -1.24257 1.58486 
ekf 5.89769 -1.13302 1.8887 truth 5.58716 -1.1787 1.77145 
ekf 5.90402 -1.14579 1.90001 truth 5.68934 -1.40667 1.76489 
ekf 5.91036 -1.1584 1.91147 truth 5.99532 -1.22975 1.85089 
ekf 5.91671 -1.17086 1.92308 truth 5.9095 -1.16355 1.83386 
ekf 5.92305 -1.18316 1.93482 truth 6.09832 -1.14617 1.91159 
ekf 5.92941 -1.1953 1.94671 truth 5.8941 -1.09994 1.92301 
ekf 5.93576 -1.20727 1.95873 truth 5.70114 -1.24192 2.0796 
ekf 5.94212 -1.21909 1.97088 truth 5.70899 -1.61041 2.05121 
ekf 5.94848 -1.23073 1.98317 truth 5.74537 -1.31744 2.26291 
ekf 5.95484 -1.24221 1.9956 truth 6.29858 -1.19538 2.26036 
ekf 5.96121 -1.25353 2.00815 truth 6.13824 -1.39546 1.93272 
ekf 5.96758 -1.26467 2.02083 truth 6.15847 -1.26718 1.85619 
ekf 5.97395 -1.27564 2.03363 truth 5.8751 -1.20754 1.78681 
ekf 5.98033 -1.28644 2.04656 truth 6.015 -1.51437 1.92057 
ekf 5.9867 -1.29706 2.05961 truth 6.13226 -0.859765 1.98289 
ekf 5.99308 -1.30751 2.07278 truth 6.10365 -1.30978 2.21128 
ekf 5.99947 -1.31778 2.08607 truth 5.95634 -1.1434 2.09673 
ekf 6.00585 -1.32787 2.09947 truth 5.70066 -1.33987 1.98658 
ekf 6.01224 -1.33778 2.11299 truth 5.93587 -1.63631 1.99376 
ekf 6.01862 -1.34751 2.12661 truth 6.25617 -1.37828 2.21556 
ekf 6.02501 -1.35705 2.14035 truth 5.90158 -1.54172 2.2603 
ekf 6.0314 -1.36641 2.15419 truth 5.98768 -1.4025 1.94831 
ekf 6.03779 -1.37558 2.16814 truth 6.0491 -1.20167 1.94816 
ekf 6.04418 -1.38456 2.18218 truth 6.04308 -1.34042 2.37469 
ekf 6.05057 -1.39335 2.19633 truth 6.16006 -1.29834 2.0113 
ekf 6.05696 -1.40195 2.21058 truth 6.23155 -1.89859 2.02624 
ekf 6.06335 -1.41036 2.22492 truth 6.33656 -1.10028 2.05353 
ekf 6.06974 -1.41858 2.23936 truth 6.05336 -1.36 2.07738 
ekf 6.07613 -1.4266 2.25388 truth 6.16273 -1.36918 2.3421 
ekf 6.08252 -1.43442 2.2685 truth 5.97972 -1.49296 2.29545 
ekf 6.08891 -1.44204 2.2832 truth 6.29915 -1.57202 2.25939 
ekf 6.09529 -1.44947 2.29799 truth 6.23178 -1.32006 2.37112 
ekf 6.10167 -1.45669 2.31285 truth 6.04895 -1.61011 2.42392 
ekf 6.10805 -1.46372 2.3278 truth 6.13307 -1.47469 2.24799 
ekf 6.11443 -1.47053 2.34282 truth 5.90005 -1.31152 2.10524 
ekf 6.1208 -1.47715 2.35792 truth 6.08292 -1.45027 2.5551 
ekf 6.12717 -1.48356 2.37309 truth 6.17813 -1.66285 2.3545 
ekf 6.13354 -1.48976 2.38833 truth 6.16482 -1.45079 2.40646 
ekf 6.1399 -1.49575 2.40363 truth 6.06377 -1.58809 2.52144 
